Word1,Word2,1,2,3,4,5,6,7,8,9,10,11,12,13,Average Score
love,sex,9,9,7,7,8,10,9,7,10,8,9,8,7,8.31
tiger,cat,7,9,9,7,8,7,10,7,10,8,9,8,9,8.31
tiger,tiger,10,10,10,10,10,10,10,10,10,10,10,10,10,10.00
book,paper,9,8,7,6,6,9,8,7,10,5,9,7,9,7.69
computer,keyboard,9,10,5,7,8,8,9,10,10,7,9,9,8,8.38
computer,internet,8,9,4,6,8,10,10,10,10,7,9,8,8,8.23
plane,car,7,9,5,5,5,8,6,5,6,8,2,5,5,5.85
train,car,7,8,6,6,5,8,8,6,7,8,2,5,6,6.31
telephone,communication,9,9,7,7,8,9,10,9,10,8,7,9,7,8.38
television,radio,8,8,6,6,5,9,7,8,8,8,5,5,6,6.85
media,radio,8,9,7,7,7,7,9,8,10,8,8,9,8,8.08
drug,abuse,8,8,5,5,6,5,9,5,10,4,7,8,4,6.46
bread,butter,8,8,6,7,9,5,9,9,10,6,9,8,4,7.54
cucumber,potato,7,5,8,5,6,3,8,4,5,5,6,8,7,5.92
doctor,nurse,7,9,6,8,7,10,10,7,10,7,9,9,7,8.15
professor,doctor,8,8,5,5,6,3,7,6,0,5,8,2,6,5.31
student,professor,9,8,5,8,6,7,7,8,8,7,5,2,5,6.54
smart,student,8,5,6.5,6,5,7,9,7,6,5,8,5,8,6.58
smart,stupid,9,1,2,8,6,10,8,3,9,8,6,0,7,5.92
company,stock,8,8,6,5,6,7,7,10,7,5,8,5,7,6.85
stock,market,8,10,4,5,8,6,8,10,10,5,9,8,6,7.46
stock,phone,0,2,0,1,0,3,0,1,1,1,5,1,5,1.54
stock,CD,0,9,0,5,0,3,0,3,9,7.5,8,3,5,4.04
stock,jaguar,0,2,0,0,0,1,9,4,0,1,1,0,2,1.54
stock,egg,0,5,2,0,0,3,0,4,0,4,1,0,2,1.62
fertility,egg,9,10,8,7,8,7,9,7,10,7,10,9,8,8.38
stock,live,0,5,4,2,0,4,0,4,10,2,9,0,8,3.69
stock,life,0,5,1,1,0,0,0,4,0,2,9,0,2,1.85
book,library,8,8,5,8,9,9,10,10,10,9,10,9,9,8.77
bank,money,8,9,7,6,8,9,9,10,10,9,10,9,9,8.69
wood,forest,8,9,7,8,9,8,9,9,5,8,10,10,9,8.38
money,cash,9,9,9,9,10,7,10,10,10,9,10,10,10,9.38
professor,cucumber,0,0,0,0,0,0,0,0,0,1,1,0,1,0.23
king,cabbage,0,2,0,2,0,0,0,2,6,1,1,0,1,1.15
king,queen,8,8,9,9,8,10,9,8,10,7,10,5,9,8.46
king,rook,0,8,7,6,5,8,9,3,7,8,9,0,7,5.92
bishop,rabbi,7,9,8,6,7,9,10,8,10,9,6,9,9,8.23
Jerusalem,Israel,9,9,8,8,8,8,10,9,9,9,9,9,9,8.77
Jerusalem,Palestinian,9,8,7,5,7,9,10,5,8,8,9,9,8,7.85
holy,sex,0,1,0,3,0,3,0,0,0,3,8,0,1,1.46
fuck,sex,9,9,10,8,10,7,10,10,10,8,10,10,10,9.31
Maradona,football,8,5,7,7,5,0,7,3,10,4,1,2,5,4.92
football,basketball,7,9,9,5,7,8,8,4,8,8,8,5,6,7.08
football,tennis,7,8,8,6,4,5,8,4,7,8,8,5,6,6.46
tennis,racket,8,10,7,7,8,10,9,10,10,8,10,8,8,8.69
Arafat,peace,8,5,4,3,4,3,0,0,6,4,8,1,1,3.62
Arafat,terror,8,5,7,4,8,5,9,2,5,6,8,1,9,5.92
Arafat,Jackson,0,5,2,0,0,0,8,5,0,5,8,1,2,2.77
law,lawyer,9,9,9,8,9,10,10,10,10,9,10,9,8,9.23
movie,star,9,9,6,6,7,2,7,10,10,6,9,9,7,7.46
movie,popcorn,4,9,5,5,5,5,6,8,7,7,10,8,9,6.77
movie,critic,4,1,6,5,6,2,5,7,6,8,10,9,10,6.08
movie,theater,5,9,7,5,9,8,6,9,8,7,10,9,10,7.85
physics,proton,6,6,5,6,6,8,8,8,6,8,6,0,10,6.38
physics,chemistry,8,9,7,6,8,8,8,8,7,8,8,6,10,7.77
space,chemistry,0,0,5,4,5,6,8,6,3,3,6,3,0,3.77
alcohol,chemistry,3,9,6,6,8,3,4,2,4,4,3,5,3,4.62
vodka,gin,7,9,8,8,8,9,8,10,6,6,10,7,10,8.15
vodka,brandy,7,9,8,8,7,9,7,10,6,5,10,6,10,7.85
drink,car,0,1,4,1,0,1,0,0,1,0,2,0,0,0.77
drink,ear,0,0,3,1,0,1,0,0,0,0,0,0,0,0.38
drink,mouth,0,9,5,6,6,1,8,9,6,7,8,8,10,6.38
drink,eat,5,9.9,7,7,6,2,5,7,7,7,8,7,8,6.61
baby,mother,3,5,7,5,4,8,3,7,7,6,7,9,10,6.23
drink,mother,0,0,4,1,0,1,0,2,3,0,0,6,0,1.31
car,automobile,9,10,9,8,10,10,10,10,9,10,10,9,10,9.54
gem,jewel,10,9,8,8,9,10,8,10,9,10,10,10,10,9.31
journey,voyage,10,9,9,8,10,10,10,10,8,10,10,10,10,9.54
boy,lad,10,10,9,8,10,9,10,10,9,10,8,10,10,9.46
asylum,madhouse,10,6,8,8,9,10,8,10,8,10,10,10,10,9.00
magician,wizard,10,9,8,7,10,10,10,6,8,8,8,10,10,8.77
furnace,stove,7,9,8,4,8,7,4,9,7,9,8,10,10,7.69
food,fruit,7,9,8,8,8,10,8,10,6,7,8,7,10,8.15
bird,cock,7,0,7,7,9,10,5,9,5,7,10,6,7,6.85
bird,crane,7,10,4,7,8,10,8,10,7,9,10,8,10,8.31
tool,implement,0,9,8,8,7,9,8,9,9,9,6,3,6,7.00
brother,monk,2,5,5,8,8,5,2,1,8,5,5,9,6,5.31
crane,implement,0,0,7,7,1,1,5,4,6,4,4,1,0,3.08
lad,brother,7,9,6,4,6,3,2,9,4,4,7,6,6,5.62
journey,car,5,9,5,5,5,3,3,7,6,2,5,10,8,5.62
monk,oracle,0,5,5,5,6,4,6,5,2,3,3,7,5,4.31
cemetery,woodland,0,1,5,1,6,1,0,2,2,1,4,5,0,2.15
food,rooster,0,4,5,6,3,1,1,2,1,0,3,7,5,2.92
coast,hill,2,1,6,1,5,1,0,3,5,2,6,7,2,3.15
forest,graveyard,0,1,5,1,6,1,1,2,2,0,3,4,0,2.00
shore,woodland,0,5,5,1,6,2,0,2,5,2,3,6,2,3.00
monk,slave,0,1,4,1,3,1,0,4,2,0,2,3,7,2.15
coast,forest,0,1,5,1,5,2,0,7,5,2,5,4,1,2.92
lad,wizard,0,0,4,1,3,1,0,3,3,2,4,3,0,1.85
chord,smile,0,0,4,1,0,2,0,0,1,0,4,4,0,1.23
glass,magician,0,1,3,1,0,1,0,1,1,1,3,3,0,1.15
noon,string,0,0,2,1,0,1,0,0,0,0,0,2,0,0.46
rooster,voyage,0,1,4,1,0,1,0,0,0,0,0,0,0,0.54
money,dollar,9,9,8,8,9,10,9,10,8,10,8,10,10,9.08
money,cash,10,9,8,8,8,10,10,10,9,10,10,10,10,9.38
money,currency,10,9,9,8,9,10,10,10,9,10,10,10,10,9.54
money,wealth,8,9,7,8,7,9,10,10,8,8,10,8,7,8.38
money,property,3,9,6,8,5,4,4,8,6,4,5,5,3,5.38
money,possession,7,9,6,8,7,8,4,6,7,6,4,8,4,6.46
money,bank,8,9,6,8,6,2,5,10,6,8,10,6,10,7.23
money,deposit,8,10,4,8,8,7,7,5,8,9,7,8,8,7.46
money,withdrawal,6,7,8,7,9,7,9,7,6,9,7,8,6,7.38
money,laundering,8,7,2,7,8,3,8,6,7,7,8,8,6,6.54
money,operation,4,2,4,1,0,2,4,8,5,2,6,0,1,3.00
tiger,jaguar,8.5,7,8,9,9,8,9,8,8,9,7,9,10,8.42
tiger,feline,9,8,7,10,9,7,9,6,9,10,7,9,10,8.46
tiger,carnivore,7,10,9,9,10,8,10,8,10,9,8,8,10,8.92
tiger,mammal,8.5,10,7,9,10,8,9,6,9,10,10,8,10,8.81
tiger,animal,8.8,10,8,9,10,9,10,6,9,10,10,8,10,9.06
tiger,organism,7,9,9,8,7,5,2,7,4,10,8,2,10,6.77
tiger,fauna,3,1,7,8,0,2,5,5,5,10,0,0,10,4.31
tiger,zoo,7.5,6,8,7,6,5,10,6,9,10,8,9,8,7.65
psychology,psychiatry,8.5,8,9,10,7,9,9,5,7,8,8,10,10,8.35
psychology,anxiety,8,7,9,6.5,9,6,9,6,8,5,7,7,7,7.27
psychology,fear,7.5,4,5,6,8,4,7,6,7,7,6,6,4,5.96
psychology,depression,7,8,7,7,8,7,9,6,9,5,10,8,4,7.31
psychology,clinic,7,7,8,7,7,6,7,7,9,8,7,7,10,7.46
psychology,doctor,7.7,8,8,9,8,5,9,6,8,10,6,9,10,7.98
psychology,Freud,6,10,8,10,10,6,9,7,10,10,7,8,9,8.46
psychology,mind,8,10,8,10,9,5,10,8,5,10,7,10,10,8.46
psychology,health,6.5,8,7,8,8,7,8,6,6,9,8,8,6,7.35
psychology,science,8.5,8,8,9,4,7,7,6,8,4,8,4,7,6.81
psychology,discipline,7,8,7,7,8,7,7,7,5,4,6,3,5,6.23
psychology,cognition,7.5,5,8,7,8,7,9,7,7,9,8,7,8,7.50
planet,star,8,7,8,9,10,5,9,4,10,10,8,9,8,8.08
planet,constellation,6,4,7,8,5,4,8,7,8,10,7,8,10,7.08
planet,moon,7,6,8,9,10,5,10,6,10,10,8,9,8,8.15
planet,sun,7.5,7,8,8,10,5,10,8,10,10,8,10,10,8.58
planet,galaxy,7.5,7,9,9,6,4,8,6,9,9,9,8,8,7.65
planet,space,9,7,9,9,6,5,9,7,10,9,9,8,10,8.23
planet,astronomer,8,8,8,9,6,4,8,7,10,5,7,7,7,7.23
precedent,example,7,10,6,9,7,7,7,8,8,3,6,10,1,6.85
precedent,information,4,4,6,3,4,6,7,6,8,8,2,7,7,5.54
precedent,cognition,2,2,3,1,4,2,7,6,5,7,4,6,5,4.15
precedent,law,6,7,4,7,7,6,5,7,9,8,7,9,3,6.54
precedent,collection,2,1,8,2,0,3,6,5,4,8,4,7,1,3.92
precedent,group,1,1,5,1,0,4,2,4,2,4,4,0,3,2.38
precedent,antecedent,7,10,2,3,0,7,10,4,10,9,8,9,8,6.69
cup,coffee,8.5,8,6,8,8,6,8,8,7,9,6,10,7,7.65
cup,tableware,9,8,6,10,9,6,8,4,6,6,8,8,10,7.54
cup,article,1,3,1,1,2,2,1,6,2,1,3,0,1,1.85
cup,artifact,5,6,4,2,6,5,2,5,8,2,0,0,1,3.54
cup,object,5,6,7,7,5,7,8,4,8,9,7,4,9,6.62
cup,entity,1,0,6,1,0,3,1,1,3,1,6,0,4,2.08
cup,drink,7.5,8,7,9,9,5,10,5,9,9,6,9,10,7.96
cup,food,6,5,4,5,3,5,2,5,2,4,5,2,6,4.15
cup,substance,4,6,2,1,0,3,8,7,8,5,0,3,1,3.69
cup,liquid,6.7,7,6,8,8,5,6,6,9,5,7,8,7,6.82
jaguar,cat,9,10,5,10,10,8,9,5,10,10,9,10,10,8.85
jaguar,car,8.5,10,8,9,8,6,5,5,6,8,7,10,5,7.35
energy,secretary,1,1,0,3,1,0,1,2,1,0,0,2,0,0.92
secretary,senate,4,8,5,3,1,1,2,4,2,2,7,4,8,3.92
energy,laboratory,5,4,4,4,2,2.5,5,3,3,7,6,6,2,4.12
computer,laboratory,5,2,6,4,1,3.5,5,4,5,8,7,7,2,4.58
weapon,secret,4,8,4,4,1,4,3,3,4,7,8,6.5,5,4.73
FBI,fingerprint,1,9,8,4,4,4,3,3,6,7,9,7,5,5.38
FBI,investigation,6,9,9,8,7,7,6,7,9,10,9,9,10,8.15
investigation,effort,5,6,5,5,4,4.5,5,2,6,7,9,6,7,5.50
Mars,water,5,1,0,2,1,0.5,1,1,5,5,3,5,5,2.65
Mars,scientist,5,5,7,2,2,1,4,1,5,8,6,7,3,4.31
news,report,7,8,9,9,8,9,7,6,7,9,9,8,10,8.15
canyon,landscape,8,8,9,8,7,8,7,4,8,7,8,8,9,7.62
image,surface,4,7,2,6,5,3.5,3,1,2,5,2,7,5,4.04
discovery,space,5,9,8,6,4,7,6,4,4.5,7,7,8,9,6.50
water,seepage,1,8,7,7,7,7.5,7,1,7.5,8,8,7,4,6.15
sign,recess,1,4,2,0,1,0,1,1,1,2,1,3.5,1,1.42
Wednesday,news,1,5,2,1,1,2.5,1,1,1,1,2,5,2,1.96
mile,kilometer,5,9,8,7,8,8,8,5,6,9,5,7,5,6.92
computer,news,1,8,7,3,4,1,2,2,4,3,6,6,6,4.08
territory,surface,1,8,3,3,5,0.5,6,1,2,7,6,7,2,3.96
atmosphere,landscape,1,7,4,4,6,1.5,5,2,3,3,3,4,3,3.58
president,medal,1,8,5,3,1,5,3,1,2,6,2,5,2,3.38
war,troops,6,9,9,7,8,7.5,9,5,8,8,9,8,9,7.88
record,number,6,9,6,4,5,7.5,7,2,3,8,6,7,6,5.88
skin,eye,5,8,4,5,6,2,5,1,2,7,6,6,4,4.69
Japanese,American,4,8,7,7,8,6,8,1,7,9,7,6,2,6.15
theater,history,1,7,4,1,1,0.5,2,1,2,4,3,6,2,2.65
volunteer,motto,1,7,0,1,1,0,2,1,1,2,3,3,2,1.85
prejudice,recognition,1,2,5,3,1,4.5,3,1,3,2,5,3,2,2.73
decoration,valor,6,8,8,5,7,6.5,8,4,6,7,9,7,8,6.88
century,year,6,8,6,7,8,5,8,2,4,9,4,8,10,6.54
century,nation,1,2,3,0,1,0,0,1,1,4,2,3,1,1.46
delay,racism,1,2,0,0,1,2,0,1,1,1,2,2,1,1.08
delay,news,1,2,3,2,1,3.5,0,1,1,3,3,3,1,1.88
minister,party,1,1,0,1,4,0,5,1,2,8,5,2.5,3,2.58
peace,plan,1,5,0,3,4,6,3,2,3,5,6,5,5,3.69
minority,peace,1,6,4,2,1,3,1,1,1,3,6,4,4,2.85
attempt,peace,1,5,0,1,1,2.5,2,1,1,2,5,7,2,2.35
government,crisis,1,8,3,3,2,3,7,3,3,4,7,5.5,8,4.42
deployment,departure,5,9,9,7,8,9,8,8,8,9,8,4.5,9,7.81
deployment,withdrawal,1,8,6,9,7,4,8,4,7,10,5,6.5,6,6.27
energy,crisis,1,8,0,3,1,3,5,3,2,7,6,5,6,3.85
announcement,news,4,9,6,9,7,8.5,8,8,4,9,9,7.5,10,7.62
announcement,effort,1,4,0,1,2,2,3,1,1,7,7,5,6,3.08
stroke,hospital,1,9,4,5,6,3,7,2,6,9,8,7.5,9,5.88
disability,death,4,8,4,7,1,2,5,2,6,8,7,6,7,5.15
victim,emergency,5,8,5,7,6,7,6,4,6,9,9,8,8,6.77
treatment,recovery,1,8,8,9,7,8,8,7,7,10,8,8,9,7.54
journal,association,1,8,5,1,1,2,2,1,2,4,3,4,5,3.00
doctor,personnel,1,7,6,5,4,4,5,5,5.5,7,9,7,9,5.73
doctor,liability,5,5,4,7,7,2,6,4,5,8,3,2,3,4.69
liability,insurance,10,9,9,10,9,7,7,7.5,7,10,7.75,8,9,8.48
school,center,4,8,7,10,4,2,6,5,4,6,3,1,6,5.08
reason,hypertension,0,3,0,0,1,0,1,2,1,0,0,0,1,0.69
reason,criterion,0,8,4,8,9,8,7,6.5,9,0,5,0,7,5.50
hundred,percent,10,8,8,9,9,6,4,4,5,10,5,5,4,6.69
Harvard,Yale,10,10,8,5,9,8,8,9,9,10,8,10,10,8.77
hospital,infrastructure,5,8,3,10,2,6,5,4.5,6,3,5,6,7,5.42
death,row,10,9,0,5,9,5,6,6,7,10,4,0,0,5.46
death,inmate,8,5,0,3,4,2,2,3,5,7,1,2,9,3.92
lawyer,evidence,10,10,5,10,6,5,6,5.5,8,10,6,4,10,7.35
life,death,10,8,9,0,9,9,8,5,10,10,7.5,4,1,6.96
life,term,0,9,6,10,5,5,5,6.5,6,7,3,2,5,5.35
word,similarity,1,5,0,0,7,2,1,3,0,6,0,1,0,2.00
board,recommendation,0,6,2,2,7,3,4,3.5,4,0,1,0,0,2.50
governor,interview,2,2,0,0,2,0,3,0,0,3,1,2,2,1.31
OPEC,country,1,5,0,0,3,3,6,4,1,0,1,0,1,1.92
peace,atmosphere,0,6,0,4,6,1,1,1,5,0,4,2,0,2.31
peace,insurance,0,6,0,0,0,1,1,1,0,0,0,0,0,0.69
territory,kilometer,6,7,0,0,7,2,4,2,2,0,1,1,0,2.46
travel,activity,4,5,6,6,6,2,5,7,5,7,2,4,4,4.85
competition,price,0,6,5,0,5,6,6,6,5,5,1,5,9,4.54
consumer,confidence,10,5,0,2,8,4,4,1,5,5,1,0,8,4.08
consumer,energy,2,7,4,5,7,4,4,3.5,5,5,0,5,7,4.50
problem,airport,1,2,5,3,2,1,1,1,4,3,1,1,0,1.92
car,flight,0,7,0,0,6,5,6,3,3,8,1,3,3,3.46
credit,card,10,5,7,10,9,5,5,6,5,10,4,2,5,6.38
credit,information,10,8,6,5,8,3,3,6.5,2,8,3,4,7,5.65
hotel,reservation,10,8,9,6,9,6,5.7,7,6,10,9,4,9,7.59
grocery,money,8,3,0,8,6,3,5,2.5,5,10,7,1,5,4.88
registration,arrangement,10,6,3,10,0,3,7,3.5,5,10,4,3,2,5.12
arrangement,accommodation,8,9,6,10,3,5,7,4,3,10,9,5,6,6.54
month,hotel,0,2,0,0,0,1,1,0,0,0,0,0,0,0.31
type,kind,10,10,9,10,9,9,9,9,10,10,9,7,10,9.31
arrival,hotel,10,4,5,5,5,3,5,4.5,3,8,2,0,1,4.27
bed,closet,0,2,0,0,7,4,3,4,4,4,2.25,0,0,2.33
closet,clothes,10,9,9,5,9,7,7,6.5,9,10,8.5,3,7,7.69
situation,conclusion,0,7,5,3,4,6,4,6,2,0,4,3,1,3.46
situation,isolation,0,4,4,5,3,2,2,0.5,1,0,2,0,1,1.88
impartiality,interest,5,4,0,0,3,4,4,6.5,5,0,2,0,1,2.65
direction,combination,0,3,0,0,0,2,3,0.5,1,0,1,0,0,0.81
street,place,6,5,7,8,7,6,7,6,7,10,4,3,3,6.08
street,avenue,10,9,9,10,9,8,8,9,10,10,9,5,8,8.77
street,block,10,8,7,8,9,8,8,8,8,10,8,5,5,7.85
street,children,0,1,0,0,7,2,1,0,3,2,4,0,0,1.54
listing,proximity,0,2,4,7,5,2,1,0.5,2,0,1,1,0,1.96
listing,category,10,9,8,6,4,6,4,7,8,10,5.75,4,0,6.29
cell,phone,10,9,9,8,8,7,8,8,8,10,8,8,10,8.54
production,hike,2,2,2,0,3,1,1,0,1,0,1,0,0,1.00
benchmark,index,1,7,0,0,5,4,7,1,6,10,7,0,10,4.46
media,trading,0,0,0,0,2,2,1,0,0,0,7,2,1,1.15
media,gain,0,3,0,0,0,3,0,0,0,1,6,3,1,1.31
dividend,payment,10,9,10,9,8,5,7,9,8,7,9,9,9,8.38
dividend,calculation,5,9,10,5,3,5,7,8,4,8,8,10,4,6.62
calculation,computation,10,9,10,9,9,8,9,10,9,9,10,10,10,9.38
currency,market,2,5,5,4,6,7,7,7,4,5,8,8,3,5.46
OPEC,oil,10,0,6,9,7,6,7,8,9,9.75,8,9,9,7.52
oil,stock,5,9,5,0,5,6,6,7,5,5,7,7,7,5.69
announcement,production,0,0,4,0,2,4,3,0,0,2,7,2,7,2.38
announcement,warning,10,5,0,7,6,5,6,7,3,5,9,9,8,6.15
profit,warning,0,0,0,0,0,3,0,0,0,0,5,1,1,0.77
profit,loss,10,4,10,9,7,7,5,10,8,8,1,8,0,6.69
dollar,yen,10,9,5,8,7,8,6,9,9,8,7,10,9,8.08
dollar,buck,10,10,10,9,9,9,9,10,10,10,10,9,9,9.54
dollar,profit,10,6,8,7,4,7,5,8,4,5,8,9,7,6.77
dollar,loss,8,0,8,4,4,6,5,8,4,5,7,5,6,5.38
computer,software,10,9,10,9,8,7,6,8,8,8,4,9,8,8.00
network,hardware,7,9,10,8,7,6,5.5,8,6,7,10,8,9,7.73
phone,equipment,5,7,7,8,8,5,3,7,8,8,8,9,6,6.85
equipment,maker,4,0,0,8,2,6,2,5,0,5,8,4,3,3.62
luxury,car,10,4,8,8,4,4,3.5,5,0,3,8,7,2,5.12
five,month,0,0,0,0,4,1,0,0,0,0,4,4,1,1.08
report,gain,0,5,5,3,4,5,2,1,0,0,4,2,8,3.00
investor,earning,10,6,10,6,6,7,4.5,5,4,3,5,9,8,6.42
liquid,water,10,9,10,7,8,9,7,7,8,9,8,10,10,8.62
baseball,season,10,0,5,8,5,4,4,6,0,7,7,6,7,5.31
game,victory,10,5,10,8,5,5,6,7,0,8,7,8,6,6.54
game,team,10,6,10,8,6,7,6,7,2,7,8,9,7,7.15
marathon,sprint,10,0,0,9,8,6,5,7,8,7,6,8,0,5.69
game,series,6,4,5,8,4,6,4,5,0,2,3,6,7,4.62
game,defeat,10,5,5,8,5,5,4,6,2,8,4,5,3,5.38
seven,series,4,5,0,6,2,1,1,2,0,1,4,4,1,2.38
seafood,sea,10,7,10,9,8,8,4,8,5,9.25,7,9,9,7.94
seafood,food,10,9,10,9,9,8,6.5,8,5,9.25,9,10,8,8.52
seafood,lobster,10,9,10,8,8,9,6,8,5,9.75,9,10,10,8.60
lobster,food,10,9,10,8,8,9,4,8,6,9.75,9,10,8,8.37
lobster,wine,0,3,5,5,4,2,1,6,0,1,2,3,1,2.54
food,preparation,5,5,10,7,5,5,4,5,5,3,8,4,5,5.46
video,archive,0,5,3,5,3,6,3,5,2,4,7,3,2,3.69
start,year,0,0,4,0,2,2,0.5,3,0,1,4,2,0,1.42
start,match,0,3,0,3,2,2,0,3,2,4,5,3,0,2.08
game,round,10,0,5,5,3,7,5,6,2,4,5,4,2,4.46
boxing,round,10,5,5,8,4,8,6,7,5,5,7,8,7,6.54
championship,tournament,10,7,5,9,5,9,8,8,9,6,8,9,10,7.92
fighting,defeating,8,4,6,6,6,4,5,7,3,1,4,8,7,5.31
line,insurance,0,0,0,0,1,5,0,0,0,0,5,3,1,1.15
day,summer,5,3,4,7,3,1,2,2,2,3,7,6,1,3.54
summer,drought,10,9,8,7,4,6,2,3,2,3.5,4,6,3,5.19
summer,nature,10,5,6,5,3,3,3,5,2,2,5,8,3,4.62
day,dawn,10,5,10,8,7,7,7,8,8,6,8,9,6,7.62
nature,environment,10,9,9,8,8,9,9,7,7,10,9,10,10,8.85
environment,ecology,10,9,8,8.5,8,9,8,6,7.5,9,8,8,8,8.23
nature,man,8,6,8,4,8,9,7,4,3,9,7,7,7,6.69
man,woman,8,9,9,5,10,9,9,5,9,9,9,8,10,8.38
man,governor,9,5,6,1,7,3,6,5,4,9,8,7,8,6.00
murder,manslaughter,9,8,8,8.5,8,9,8,5,7,9,8,10,2,7.65
soap,opera,10,9,5,1,7,4,10,7,2,3,5,7,0,5.38
opera,performance,9,7,6,7,7,5,7,6,7,10,10,6,10,7.46
life,lesson,7,8,5,6,5,0,6,7,3,9,8,5,5,5.69
focus,life,8,4,2,1,2,0,5,6,0,7,8,10,5,4.46
production,crew,9,7,5,2,5,2,6,5,2,9,8,5,5,5.38
television,film,10,8,7,6.5,8,9,5,4,3,8,7,7,7,6.88
lover,quarrel,9,8,3,2,5,8,5,6,3,7,6,10,2,5.69
viewer,serial,8,4,2,1.5,3,5,6,1,0,2,2,5,0,3.04
possibility,girl,3,0,1,0,2,2,3,6,1,2,2,10,0,2.46
population,development,8,4,3,3.5,1,5,4,4,1,5,9,5,5,4.42
morality,importance,8,0,2,2,5,5,3,6,6,5,9,7,0,4.46
morality,marriage,7,3,2,3,5,5,3,7,1,4,9,8,5,4.77
Mexico,Brazil,8,6,7,6,8,8.5,7,5,8,3,6,1,7,6.19
gender,equality,8,9,5,3,5,7.5,6,7,4,8,9,10,0,6.27
change,attitude,7,7,5,3,5,7,5,6,1,9,9,8,0,5.54
family,planning,7,8,5,3.5,5,6.5,7,7,4,7,6,8,0,5.69
opera,industry,2,2,4,1,3,3,2,6,1,6,2,7,5,3.38
sugar,approach,1,0,1,0,1,0,1,5,1,1,1,1,0,1.00
practice,institution,7,0,1,1,5,5,4,7,0,3,9,1,0,3.31
ministry,culture,8,1,2,1.5,4,5,5,6,1,8,9,1,5,4.35
problem,challenge,8,9,8,7,9,9.5,4,5,8,10,9,7,8,7.81
size,prominence,7,7,7,6.5,8,3,5,7,7,4,6,8,5,6.19
country,citizen,9,8,7,4,8,2,6,5,4,9,7,6,5,6.15
planet,people,8,5,7,3,7,2,6,7,6,8,7,5,5,5.85
development,issue,8,0,5,6.5,6,4,3,6,1,7,7,6,0,4.58
experience,music,7,0,2,3,3,2,4,7,4,9,6,7,5,4.54
music,project,8,3,3,2,3,0,5,5,3,9,6,6,5,4.46
glass,metal,8,7,6,3.5,7,2,6,1,2,2,5,5,5,4.58
aluminum,metal,9,9,8,7,9,4,7,4,6,9,9,8,10,7.62
chance,credibility,7,0,2,3.5,2,0,3,6,3,8,3,8,8,4.12
exhibit,memorabilia,8,7,5,6,7,4,4,5,1,8,6,10,5,5.85
concert,virtuoso,7,4,7,5.5,7,1,6,4,7,8,7,7,8,6.04
rock,jazz,9,8,8,4,9,7,7,7,8,2,7,5,8,6.85
museum,theater,8,3,7,3.5,7,7.5,4,6,8,5,6,6,7,6.00
observation,architecture,7,3,3,2,3,3,5,7,3,2,2,7,0,3.62
space,world,8,4,8,4,5,9,6,5,2,9,9,7,0,5.85
preservation,world,7,0,2,3.5,4,6.5,5,6,1,6,7,8,0,4.31
admission,ticket,9,9,6,7.5,9,7,7,7,6,9,9,3,8,7.42
shower,thunderstorm,9,7,6,7,8,7.5,8,5,2,8,6,5,9,6.73
shower,flood,9,4,5,6.5,7,6,7,6,4,7,6,5,8,6.19
weather,forecast,9,9,5,8.5,9,8,6,7,6,9,9,7,10,7.88
disaster,area,7,8,5,2.5,5,6,4,5,3,8,4,8,0,5.04
governor,office,9,6,5,6,7,4,5,4,5,9,8,8,0,5.85
architecture,century,8,0,2,3,2,2,6,6,0,3,2,4,5,3.31
